<EQ>            <LineNum>    <PREMBias>    <EBegin>    <EEnd>    <NBegin>    <NEnd>

200608250044    *            5             -10         15        -10         15
200611130126    *            7             -7          15        -10         15
200707211534    *            8             -7          15        -10         15
200711160313    *            3             -10         15        -10         15
200911141944    *            3             -10         15        -10         15
201106201636    *            2             -10         15        -10         15
201111221848    *           -4             -10         15        -10         15
201208020938    *           -4             -10         15        -10         15
201211221307    *           -3             -10         15        -10         15
201302221201    *           -3             -10         15        -10         15
201502111857    *            3             -10         15        -10         15
201511242250    *           -5             -10         15        -10         15
201511260545    *           -5             -10         15        -10         15
200609220232    *            3             -7          13        -10         15
